##BLOCKS= 5          
Plate:	Plate#1	1.3	PlateFormat	Endpoint	Absorbance	Raw	FALSE	1						1	540	1	12	96	1	8	None	
	Temperature(¡C)	1	2	3	4	5	6	7	8	9	10	11	12		
	18.10	0.092	0.0929	0.1004	0.0941	0.1012	0.1125	0.1205	0.1312	0.9026	0.5375	0.1413	0.0982		
		0.089	0.0998	0.1249	0.1669	0.2453	0.46	0.7882	0.0825	0.0711	0.0699	0.0705	0.0705		
		0.0836	0.0842	0.0773	0.0828	0.0811	0.0797	0.0741	0.0708	0.0709	0.0822	0.0804	0.0846		
		0.0926	0.0887	0.0882	0.0812	0.0785	0.0799	0.076	0.0853	0.0763	0.078	0.0793	0.0818		
		0.0786	0.0757	0.0736	0.0846	0.081	0.0813	0.0764	0.0743	0.0766	0.0745	0.0759	0.081		
		0.0861	0.0875	0.0935	0.0923	0.0997	0.1076	0.1164	0.1294	0.0862	0.0816	0.0809	0.0889		
		0.0897	0.1023	0.1268	0.167	0.2468	0.4661	0.7944	0.0817	0.0872	0.088	0.082	0.0712		
		0.0936	0.0895	0.0952	0.0922	0.1007	0.1095	0.1159	0.1272	0.9027	0.5254	0.1311	0.1004		
		
~End
Plate:	Plate#2	1.3	PlateFormat	Endpoint	Absorbance	Raw	FALSE	1						1	540	1	12	96	1	8	None	
	Temperature(¡C)	1	2	3	4	5	6	7	8	9	10	11	12		
	18.20	0.0987	0.0985	0.1038	0.1067	0.111	0.1235	0.1301	0.1461	0.1344	0.1351	0.1363	0.0827		
		0.0946	0.1039	0.1311	0.1729	0.2536	0.5088	0.8197	0.0846	0.5363	0.0671	0.1405	0.1077		
		0.1118	0.1045	0.1061	0.0925	0.0903	0.0888	0.0855	0.0837	0.0923	0.0894	0.0781	0.0832		
		0.0879	0.0787	0.0811	0.0864	0.0828	0.0848	0.1024	0.1012	0.1007	0.117	0.0927	0.0931		
		0.1076	0.1028	0.1021	0.082	0.0817	0.0805	0.1156	0.1085	0.1113	0.1162	0.1139	0.1195		
		0.1048	0.1013	0.0982	0.0857	0.0686	0.0671	0.073	0.0741	0.0706	0.0727	0.0683	0.072		
		0.0904	0.1037	0.1278	0.1695	0.2517	0.477	0.8789	0.0865	0.0759	0.0719	0.0739	0.0705		
		0.0905	0.1165	0.0972	0.0965	0.1032	0.1139	0.1194	0.1346	0.9357	0.5398	0.1361	0.0948		
		
~End
Plate:	Plate#3	1.3	PlateFormat	Endpoint	Absorbance	Raw	FALSE	1						1	540	1	12	96	1	8	None	
	Temperature(¡C)	1	2	3	4	5	6	7	8	9	10	11	12		
	18.20	0.0922	0.092	0.1017	0.0975	0.1044	0.1166	0.1242	0.136	0.9125	0.5233	0.1384	0.0971		
		0.0764	0.0695	0.0709	0.0723	0.0703	0.07	0.0684	0.0676	0.0831	0.069	0.07	0.0735		
		0.0767	0.0738	0.0697	0.0712	0.0863	0.1091	0.1275	0.1676	0.2454	0.4689	0.7931	0.0853		
		0.0936	0.0861	0.0847	0.0795	0.0775	0.0761	0.0776	0.0761	0.0782	0.0818	0.0793	0.0802		
		0.0778	0.0718	0.0711	0.0743	0.0722	0.0717	0.0767	0.0726	0.0714	0.0727	0.072	0.0734		
		0.0759	0.0709	0.0705	0.072	0.0704	0.0747	0.0857	0.0843	0.091	0.0812	0.0802	0.0816		
		0.0919	0.1038	0.1349	0.1693	0.2485	0.4759	0.8151	0.086	0.0829	0.0933	0.0824	0.0799		
		0.0923	0.094	0.0997	0.0974	0.1032	0.1156	0.1317	0.1303	0.8828	0.5107	0.1332	0.0985		
		
~End
Plate:	Plate#4	1.3	PlateFormat	Endpoint	Absorbance	Raw	FALSE	1						1	540	1	12	96	1	8	None	
	Temperature(¡C)	1	2	3	4	5	6	7	8	9	10	11	12		
	18.30	0.0993	0.0974	0.1044	0.1459	0.1087	0.1226	0.1296	0.1401	0.9272	0.5343	0.1477	0.1113		
		0.095	0.1028	0.1282	0.1708	0.2561	0.4875	0.0925	0.8247	0.0855	0.0847	0.0879	0.0822		
		0.0818	0.0767	0.0758	0.0766	0.0745	0.076	0.0821	0.0795	0.0763	0.0788	0.0796	0.0835		
		0.0929	0.0942	0.0872	0.082	0.0826	0.0829	0.0835	0.0835	0.0886	0.0927	0.0961	0.0968		
		0.0951	0.0964	0.1013	0.099	0.1054	0.1149	0.1225	0.1337	0.127	0.1258	0.1255	0.0999		
		0.0934	0.1263	0.1299	0.1698	0.2875	0.4777	0.8113	0.0821	0.1266	0.1266	0.1356	0.0844		
		0.1025	0.0946	0.1085	0.1031	0.1077	0.1837	0.1334	0.138	0.9145	0.5381	0.1427	0.1046		
		0.0483	0.0486	0.049	0.0485	0.0484	0.0486	0.0493	0.0485	0.0492	0.0491	0.0564	0.0479		
		
~End
Copyright © 2003 Molecular Devices. All rights reserved.
